0 3 100 0 130 1
1 3 100 0 130 1
2 3 100 0 130 1
3 3 100 0 130 1
4 3 100 0 130 1
5 3 100 0 130 1
6 3 100 0 130 1
7 3 100 0 130 1
8 3 100 0 130 1
9 3 100 0 130 1
10 3 100 0 130 1
11 3 100 0 130 1
12 3 100 0 130 1
13 3 100 0 130 1
14 3 100 0 130 1
15 3 100 0 130 1
16 3 100 0 130 1
17 3 100 0 130 1
18 3 100 0 130 1
19 3 100 0 130 1
20 3 100 0 130 1
21 3 100 0 130 1
22 3 100 0 130 1
23 3 100 0 130 1
24 3 100 0 130 1
25 3 100 0 130 1
26 3 100 0 130 1
27 3 100 0 130 1
28 3 100 0 130 1
29 3 100 0 130 1
30 3 100 0 130 1
31 3 100 0 130 1
32 3 100 0 130 1
33 3 100 0 130 1
34 3 100 0 130 1
35 3 100 0 130 1
36 3 100 0 130 1
37 3 100 0 130 1
38 3 100 0 130 1
39 3 100 0 130 1
40 3 100 0 130 1
41 3 100 0 130 1
42 3 100 0 130 1
43 3 100 0 130 1
44 3 100 0 130 1
45 3 100 0 130 1
46 3 100 0 130 1
47 3 100 0 130 1
48 3 100 0 130 1
49 3 100 0 130 1
50 3 100 0 130 1
51 3 100 0 130 1
52 3 100 0 130 1
53 3 100 0 130 1
54 3 100 0 130 1
55 3 100 0 130 1
56 3 100 0 130 1
57 3 100 0 130 1
58 3 100 0 130 1
59 3 100 0 130 1
60 3 100 0 130 1
61 3 100 0 130 1
62 3 100 0 130 1
63 3 100 0 130 1
64 3 100 0 130 1
65 3 100 0 130 1
66 3 100 0 130 1
67 3 100 0 130 1
68 3 100 0 130 1
69 3 100 0 130 1
70 3 100 0 130 1
71 3 100 0 130 1
72 3 100 0 130 1
73 3 100 0 130 1
74 3 100 0 130 1
75 3 100 0 130 1
76 3 100 0 130 1
77 3 100 0 130 1
78 3 100 0 130 1
79 3 100 0 130 1
80 3 100 0 130 1
81 3 100 0 130 1
82 3 100 0 130 1
83 3 100 0 130 1
84 3 100 0 130 1
85 3 100 0 130 1
86 3 100 0 130 1
87 3 100 0 130 1
88 3 100 0 130 1
89 3 100 0 130 1
90 3 100 0 130 1
91 3 100 0 130 1
92 3 100 0 130 1
93 3 100 0 130 1
94 3 100 0 130 1
95 3 100 0 130 1
96 3 100 0 130 1
97 3 100 0 130 1
98 3 100 0 130 1
99 3 100 0 130 1
100 3 100 0 130 1
101 3 100 0 130 1
102 3 100 0 130 1
103 3 100 0 130 1
104 3 100 0 130 1
105 3 100 0 130 1
106 3 100 0 130 1
107 3 100 0 130 1
108 3 100 0 130 1
109 3 100 0 130 1
110 3 100 0 130 1
111 3 100 0 130 1
112 3 100 0 130 1
113 3 100 0 130 1
114 3 100 0 130 1
115 3 100 0 130 1
116 3 100 0 130 1
117 3 100 0 130 1
118 3 100 0 130 1
119 3 100 0 130 1
120 3 100 0 130 1
121 3 100 0 130 1
122 3 100 0 130 1
123 3 100 0 130 1
124 3 100 0 130 1
125 3 100 0 130 1
126 3 100 0 130 1
127 3 100 0 130 1
128 3 100 0 130 1
129 3 100 0 130 1
130 3 100 0 130 1
131 3 100 0 130 1
132 3 100 0 130 1
133 3 100 0 130 1
134 3 100 0 130 1
135 3 100 0 130 1
136 3 100 0 130 1
137 3 100 0 130 1
138 3 100 0 130 1
139 3 100 0 130 1
140 3 100 0 130 1
141 3 100 0 130 1
142 3 100 0 130 1
143 3 100 0 130 1
144 3 100 0 130 1
145 3 100 0 130 1
146 3 100 0 130 1
147 3 100 0 130 1
148 3 100 0 130 1
149 3 100 0 130 1
150 3 100 0 130 1
151 3 100 0 130 1
152 3 100 0 130 1
153 3 100 0 130 1
154 3 100 0 130 1
155 3 100 0 130 1
156 3 100 0 130 1
157 3 100 0 130 1
158 3 100 0 130 1
159 3 100 0 130 1
160 3 100 0 130 1
161 3 100 0 130 1
162 3 100 0 130 1
163 3 100 0 130 1
164 3 100 0 130 1
165 3 100 0 130 1
166 3 100 0 130 1
167 3 100 0 130 1
168 3 100 0 130 1
169 3 100 0 130 1
170 3 100 0 130 1
171 3 100 0 130 1
172 3 100 0 130 1
173 3 100 0 130 1
174 3 100 0 130 1
175 3 100 0 130 1
176 3 100 0 130 1
177 3 100 0 130 1
178 3 100 0 130 1
179 3 100 0 130 1
180 3 100 0 130 1
181 3 100 0 130 1
182 3 100 0 130 1
183 3 100 0 130 1
184 3 100 0 130 1
185 3 100 0 130 1
186 3 100 0 130 1
187 3 100 0 130 1
188 3 100 0 130 1
189 3 100 0 130 1
190 3 100 0 130 1
191 3 100 0 130 1
192 3 100 0 130 1
193 3 100 0 130 1
194 3 100 0 130 1
195 3 100 0 130 1
196 3 100 0 130 1
197 3 100 0 130 1
198 3 100 0 130 1
199 3 100 0 130 1
200 3 100 0 130 1
201 3 100 0 130 1
202 3 100 0 130 1
203 3 100 0 130 1
204 3 100 0 130 1
205 3 100 0 130 1
206 3 100 0 130 1
207 3 100 0 130 1
208 3 100 0 130 1
209 3 100 0 130 1
210 3 100 2 130 1
211 3 73 2 130 0
212 3 73 2 130 0
213 3 73 2 130 0
214 3 73 2 130 0
215 3 73 2 130 0
216 3 73 2 130 0
217 3 73 2 130 0
218 3 73 2 130 0
219 3 73 2 130 0
220 3 73 2 130 0
221 3 80 2 130 0
222 3 80 2 130 0
223 3 80 2 130 0
224 3 80 2 130 0
225 3 80 2 130 0
226 3 80 2 130 0
227 3 80 2 130 0
228 3 80 2 130 0
229 3 80 2 130 0
230 3 80 2 130 0
231 3 90 2 130 0
232 3 90 2 130 0
233 3 90 2 130 0
234 3 90 2 130 0
235 3 90 2 130 0
236 3 90 2 130 0
237 3 90 2 130 0
238 3 90 2 130 0
239 3 90 2 130 0
240 3 90 2 130 0
241 3 100 2 130 0
242 3 100 2 130 0
243 3 100 2 130 0
244 3 100 2 130 0
245 3 100 2 130 0
246 3 100 2 130 0
247 3 100 2 130 0
248 3 100 2 130 0
249 3 100 2 130 0
250 3 100 2 130 0
251 3 100 1 130 1
252 3 73 1 130 0
253 3 73 1 130 0
254 3 73 1 130 0
255 3 73 1 130 0
256 3 73 1 130 0
257 3 73 1 130 0
258 3 73 1 130 0
259 3 73 1 130 0
260 3 73 1 130 0
261 3 73 1 130 0
262 3 80 1 130 0
263 3 80 1 130 0
264 3 80 1 130 0
265 3 80 1 130 0
266 3 80 1 130 0
267 3 80 1 130 0
268 3 80 1 130 0
269 3 80 1 130 0
270 3 80 1 130 0
271 3 80 1 130 0
272 3 90 1 130 0
273 3 90 1 130 0
274 3 90 1 130 0
275 3 90 1 130 0
276 3 90 1 130 0
277 3 90 1 130 0
278 3 90 1 130 0
279 3 90 1 130 0
280 3 90 1 130 0
281 3 90 1 130 0
282 3 100 1 130 0
283 3 100 1 130 0
284 3 100 1 130 0
285 3 100 1 130 0
286 3 100 1 130 0
287 3 100 1 130 0
288 3 100 1 130 0
289 3 100 1 130 0
290 3 100 1 130 0
291 3 100 1 130 0
292 3 100 0 130 1
293 3 73 0 130 0
294 3 73 0 130 0
295 3 73 0 130 0
296 3 73 0 130 0
297 3 73 0 130 0
298 3 73 0 130 0
299 3 73 0 130 0
300 3 73 0 130 0
301 3 73 0 130 0
302 3 73 0 130 0
303 3 80 0 130 0
304 3 80 0 130 0
305 3 80 0 130 0
306 3 80 0 130 0
307 3 80 0 130 0
308 3 80 0 130 0
309 3 80 0 130 0
310 3 80 0 130 0
311 3 80 0 130 0
312 3 80 0 130 0
313 3 90 0 130 0
314 3 90 0 130 0
315 3 90 0 130 0
316 3 90 0 130 0
317 3 90 0 130 0
318 3 90 0 130 0
319 3 90 0 130 0
320 3 90 0 130 0
321 3 90 0 130 0
322 3 90 0 130 0
323 3 100 0 130 0
324 3 100 0 130 0
325 3 100 0 130 0
326 3 100 0 130 0
327 3 100 0 130 0
328 3 100 0 130 0
329 3 100 0 130 0
330 3 100 0 130 0
331 3 100 0 130 0
332 3 100 0 130 0
333 3 100 0 115 1
334 3 100 0 115 1
335 3 100 0 115 1
336 3 100 0 115 1
337 3 100 0 115 1
338 3 100 0 115 1
339 3 100 0 115 1
340 3 100 0 115 1
341 3 100 0 115 1
342 3 100 0 115 1
343 3 100 2 115 1
344 3 73 2 115 0
345 3 73 2 115 0
346 3 73 2 115 0
347 3 73 2 115 0
348 3 73 2 115 0
349 3 73 2 115 0
350 3 73 2 115 0
351 3 73 2 115 0
352 3 73 2 115 0
353 3 73 2 115 0
354 3 80 2 115 0
355 3 80 2 115 0
356 3 80 2 115 0
357 3 80 2 115 0
358 3 80 2 115 0
359 3 80 2 115 0
360 3 80 2 115 0
361 3 80 2 115 0
362 3 80 2 115 0
363 3 80 2 115 0
364 3 90 2 115 0
365 3 90 2 115 0
366 3 90 2 115 0
367 3 90 2 115 0
368 3 90 2 115 0
369 3 90 2 115 0
370 3 90 2 115 0
371 3 90 2 115 0
372 3 90 2 115 0
373 3 90 2 115 0
374 3 100 2 115 0
375 3 100 2 115 0
376 3 100 2 115 0
377 3 100 2 115 0
378 3 100 2 115 0
379 3 100 2 115 0
380 3 100 2 115 0
381 3 100 2 115 0
382 3 100 2 115 0
383 3 100 2 115 0
384 3 100 1 115 1
385 3 73 1 115 0
386 3 73 1 115 0
387 3 73 1 115 0
388 3 73 1 115 0
389 3 73 1 115 0
390 3 73 1 115 0
391 3 73 1 115 0
392 3 73 1 115 0
393 3 73 1 115 0
394 3 73 1 115 0
395 3 80 1 115 0
396 3 80 1 115 0
397 3 80 1 115 0
398 3 80 1 115 0
399 3 80 1 115 0
400 3 80 1 115 0
401 3 80 1 115 0
402 3 80 1 115 0
403 3 80 1 115 0
404 3 80 1 115 0
405 3 90 1 115 0
406 3 90 1 115 0
407 3 90 1 115 0
408 3 90 1 115 0
409 3 90 1 115 0
410 3 90 1 115 0
411 3 90 1 115 0
412 3 90 1 115 0
413 3 90 1 115 0
414 3 90 1 115 0
415 3 100 1 115 0
416 3 100 1 115 0
417 3 100 1 115 0
418 3 100 1 115 0
419 3 100 1 115 0
420 3 100 1 115 0
421 3 100 1 115 0
422 3 100 1 115 0
423 3 100 1 115 0
424 3 100 1 115 0
425 3 100 0 115 1
426 3 73 0 115 0
427 3 73 0 115 0
428 3 73 0 115 0
429 3 73 0 115 0
430 3 73 0 115 0
431 3 73 0 115 0
432 3 73 0 115 0
433 3 73 0 115 0
434 3 73 0 115 0
435 3 73 0 115 0
436 3 80 0 115 0
437 3 80 0 115 0
438 3 80 0 115 0
439 3 80 0 115 0
440 3 80 0 115 0
441 3 80 0 115 0
442 3 80 0 115 0
443 3 80 0 115 0
444 3 80 0 115 0
445 3 80 0 115 0
446 3 90 0 115 0
447 3 90 0 115 0
448 3 90 0 115 0
449 3 90 0 115 0
450 3 90 0 115 0
451 3 90 0 115 0
452 3 90 0 115 0
453 3 90 0 115 0
454 3 90 0 115 0
455 3 90 0 115 0
456 3 100 0 115 0
457 3 100 0 115 0
458 3 100 0 115 0
459 3 100 0 115 0
460 3 100 0 115 0
461 3 100 0 115 0
462 3 100 0 115 0
463 3 100 0 115 0
464 3 100 0 115 0
465 3 100 0 115 0
466 3 100 0 100 1
467 3 100 0 100 1
468 3 100 0 100 1
469 3 100 0 100 1
470 3 100 0 100 1
471 3 100 0 100 1
472 3 100 0 100 1
473 3 100 0 100 1
474 3 100 0 100 1
475 3 100 0 100 1
476 3 100 2 100 1
477 3 73 2 100 0
478 3 73 2 100 0
479 3 73 2 100 0
480 3 73 2 100 0
481 3 73 2 100 0
482 3 73 2 100 0
483 3 73 2 100 0
484 3 73 2 100 0
485 3 73 2 100 0
486 3 73 2 100 0
487 3 80 2 100 0
488 3 80 2 100 0
489 3 80 2 100 0
490 3 80 2 100 0
491 3 80 2 100 0
492 3 80 2 100 0
493 3 80 2 100 0
494 3 80 2 100 0
495 3 80 2 100 0
496 3 80 2 100 0
497 3 90 2 100 0
498 3 90 2 100 0
499 3 90 2 100 0
500 3 90 2 100 0
501 3 90 2 100 0
502 3 90 2 100 0
503 3 90 2 100 0
504 3 90 2 100 0
505 3 90 2 100 0
506 3 90 2 100 0
507 3 100 2 100 0
508 3 100 2 100 0
509 3 100 2 100 0
510 3 100 2 100 0
511 3 100 2 100 0
512 3 100 2 100 0
513 3 100 2 100 0
514 3 100 2 100 0
515 3 100 2 100 0
516 3 100 2 100 0
517 3 100 1 100 1
518 3 73 1 100 0
519 3 73 1 100 0
520 3 73 1 100 0
521 3 73 1 100 0
522 3 73 1 100 0
523 3 73 1 100 0
524 3 73 1 100 0
525 3 73 1 100 0
526 3 73 1 100 0
527 3 73 1 100 0
528 3 80 1 100 0
529 3 80 1 100 0
530 3 80 1 100 0
531 3 80 1 100 0
532 3 80 1 100 0
533 3 80 1 100 0
534 3 80 1 100 0
535 3 80 1 100 0
536 3 80 1 100 0
537 3 80 1 100 0
538 3 90 1 100 0
539 3 90 1 100 0
540 3 90 1 100 0
541 3 90 1 100 0
542 3 90 1 100 0
543 3 90 1 100 0
544 3 90 1 100 0
545 3 90 1 100 0
546 3 90 1 100 0
547 3 90 1 100 0
548 3 100 1 100 0
549 3 100 1 100 0
550 3 100 1 100 0
551 3 100 1 100 0
552 3 100 1 100 0
553 3 100 1 100 0
554 3 100 1 100 0
555 3 100 1 100 0
556 3 100 1 100 0
557 3 100 1 100 0
558 3 100 0 100 1
559 3 73 0 100 0
560 3 73 0 100 0
561 3 73 0 100 0
562 3 73 0 100 0
563 3 73 0 100 0
564 3 73 0 100 0
565 3 73 0 100 0
566 3 73 0 100 0
567 3 73 0 100 0
568 3 73 0 100 0
569 3 80 0 100 0
570 3 80 0 100 0
571 3 80 0 100 0
572 3 80 0 100 0
573 3 80 0 100 0
574 3 80 0 100 0
575 3 80 0 100 0
576 3 80 0 100 0
577 3 80 0 100 0
578 3 80 0 100 0
579 3 90 0 100 0
580 3 90 0 100 0
581 3 90 0 100 0
582 3 90 0 100 0
583 3 90 0 100 0
584 3 90 0 100 0
585 3 90 0 100 0
586 3 90 0 100 0
587 3 90 0 100 0
588 3 90 0 100 0
589 3 100 0 100 0
590 3 100 0 100 0
591 3 100 0 100 0
592 3 100 0 100 0
593 3 100 0 100 0
594 3 100 0 100 0
595 3 100 0 100 0
596 3 100 0 100 0
597 3 100 0 100 0
598 3 100 0 100 0
599 3 100 0 90 1
600 3 100 0 90 1
601 3 100 0 90 1
602 3 100 0 90 1
603 3 100 0 90 1
604 3 100 0 90 1
605 3 100 0 90 1
606 3 100 0 90 1
607 3 100 0 90 1
608 3 100 0 90 1
609 3 100 2 90 1
610 3 73 2 90 0
611 3 73 2 90 0
612 3 73 2 90 0
613 3 73 2 90 0
614 3 73 2 90 0
615 3 73 2 90 0
616 3 73 2 90 0
617 3 73 2 90 0
618 3 73 2 90 0
619 3 73 2 90 0
620 3 80 2 90 0
621 3 80 2 90 0
622 3 80 2 90 0
623 3 80 2 90 0
624 3 80 2 90 0
625 3 80 2 90 0
626 3 80 2 90 0
627 3 80 2 90 0
628 3 80 2 90 0
629 3 80 2 90 0
630 3 90 2 90 0
631 3 90 2 90 0
632 3 90 2 90 0
633 3 90 2 90 0
634 3 90 2 90 0
635 3 90 2 90 0
636 3 90 2 90 0
637 3 90 2 90 0
638 3 90 2 90 0
639 3 90 2 90 0
640 3 100 2 90 0
641 3 100 2 90 0
642 3 100 2 90 0
643 3 100 2 90 0
644 3 100 2 90 0
645 3 100 2 90 0
646 3 100 2 90 0
647 3 100 2 90 0
648 3 100 2 90 0
649 3 100 2 90 0
650 3 100 1 90 1
651 3 73 1 90 0
652 3 73 1 90 0
653 3 73 1 90 0
654 3 73 1 90 0
655 3 73 1 90 0
656 3 73 1 90 0
657 3 73 1 90 0
658 3 73 1 90 0
659 3 73 1 90 0
660 3 73 1 90 0
661 3 80 1 90 0
662 3 80 1 90 0
663 3 80 1 90 0
664 3 80 1 90 0
665 3 80 1 90 0
666 3 80 1 90 0
667 3 80 1 90 0
668 3 80 1 90 0
669 3 80 1 90 0
670 3 80 1 90 0
671 3 90 1 90 0
672 3 90 1 90 0
673 3 90 1 90 0
674 3 90 1 90 0
675 3 90 1 90 0
676 3 90 1 90 0
677 3 90 1 90 0
678 3 90 1 90 0
679 3 90 1 90 0
680 3 90 1 90 0
681 3 100 1 90 0
682 3 100 1 90 0
683 3 100 1 90 0
684 3 100 1 90 0
685 3 100 1 90 0
686 3 100 1 90 0
687 3 100 1 90 0
688 3 100 1 90 0
689 3 100 1 90 0
690 3 100 1 90 0
691 3 100 0 90 1
692 3 73 0 90 0
693 3 73 0 90 0
694 3 73 0 90 0
695 3 73 0 90 0
696 3 73 0 90 0
697 3 73 0 90 0
698 3 73 0 90 0
699 3 73 0 90 0
700 3 73 0 90 0
701 3 73 0 90 0
702 3 80 0 90 0
703 3 80 0 90 0
704 3 80 0 90 0
705 3 80 0 90 0
706 3 80 0 90 0
707 3 80 0 90 0
708 3 80 0 90 0
709 3 80 0 90 0
710 3 80 0 90 0
711 3 80 0 90 0
712 3 90 0 90 0
713 3 90 0 90 0
714 3 90 0 90 0
715 3 90 0 90 0
716 3 90 0 90 0
717 3 90 0 90 0
718 3 90 0 90 0
719 3 90 0 90 0
720 3 90 0 90 0
721 3 90 0 90 0
722 3 100 0 90 0
723 3 100 0 90 0
724 3 100 0 90 0
725 3 100 0 90 0
726 3 100 0 90 0
727 3 100 0 90 0
728 3 100 0 90 0
729 3 100 0 90 0
730 3 100 0 90 0
731 3 100 0 90 0
732 20 100 0 90 1
733 20 100 0 90 1
734 20 100 0 90 1
735 20 100 0 90 1
736 20 100 0 90 1
737 20 100 0 90 1
738 20 100 0 90 1
739 20 100 0 90 1
740 20 100 0 90 1
741 20 100 0 90 1
742 20 100 0 90 1
743 20 100 0 90 1
744 20 100 0 90 1
745 20 100 0 90 1
746 20 100 0 90 1
747 20 100 0 90 1
748 20 100 0 90 1
749 20 100 0 90 1
750 20 100 0 90 1
751 20 100 0 90 1
752 20 100 0 90 1
753 20 100 0 90 1
754 20 100 0 90 1
755 20 100 0 90 1
756 20 100 0 90 1
757 20 100 0 90 1
758 20 100 0 90 1
759 20 100 0 90 1
760 20 100 0 90 1
761 20 100 0 90 1
762 20 100 0 90 1
763 20 100 0 90 1
764 20 100 0 90 1
765 20 100 0 90 1
766 20 100 0 90 1
767 20 100 0 90 1
768 20 100 0 90 1
769 20 100 0 90 1
770 20 100 0 90 1
771 20 100 0 90 1
772 20 100 0 90 1
773 20 100 0 90 1
774 20 100 0 90 1
775 20 100 0 90 1
776 20 100 0 90 1
777 20 100 0 90 1
778 20 100 0 90 1
779 20 100 0 90 1
780 20 100 0 90 1
781 20 100 0 90 1
782 20 100 0 90 1
783 20 100 0 90 1
784 20 100 0 90 1
785 20 100 0 90 1
786 20 100 0 90 1
787 20 100 0 90 1
788 20 100 0 90 1
789 20 100 0 90 1
790 20 100 0 90 1
791 20 100 0 90 1
792 20 100 0 90 1
793 20 100 0 90 1
794 20 100 0 90 1
795 20 100 0 90 1
796 20 100 0 90 1
797 20 100 0 90 1
798 20 100 0 90 1
799 20 100 0 90 1
800 20 100 0 90 1
801 20 100 0 90 1
802 20 100 0 90 1
803 20 100 0 90 1
804 20 100 0 90 1
805 20 100 0 90 1
806 20 100 0 90 1
807 20 100 0 90 1
808 20 100 0 90 1
809 20 100 0 90 1
810 20 100 0 90 1
811 20 100 0 90 1
812 20 100 0 90 1
813 20 100 0 90 1
814 20 100 0 90 1
815 20 100 0 90 1
816 20 100 0 90 1
817 20 100 0 90 1
818 20 100 0 90 1
819 20 100 0 90 1
820 20 100 0 90 1
821 20 100 0 90 1
822 20 100 0 90 1
823 20 100 0 90 1
824 20 100 0 90 1
825 20 100 0 90 1
826 20 100 0 90 1
827 20 100 0 90 1
828 20 100 0 90 1
829 20 100 0 90 1
830 20 100 0 90 1
831 20 100 0 90 1
832 20 100 0 90 1
833 20 100 0 90 1
834 20 100 0 90 1
835 20 100 0 90 1
836 20 100 0 90 1
837 20 100 0 90 1
838 20 100 0 90 1
839 20 100 0 90 1
840 20 100 0 90 1
841 20 100 0 90 1
842 20 100 0 90 1
843 20 100 0 90 1
844 20 100 0 90 1
845 20 100 0 90 1
846 20 100 0 90 1
847 20 100 0 90 1
848 20 100 0 90 1
849 20 100 0 90 1
850 20 100 0 90 1
851 20 100 0 90 1
852 20 100 0 90 1
853 20 100 0 90 1
854 20 100 0 90 1
855 20 100 0 90 1
856 20 100 0 90 1
857 20 100 0 90 1
858 20 100 0 90 1
859 20 100 0 90 1
860 20 100 0 90 1
861 20 100 0 90 1
862 20 100 0 90 1
863 20 100 0 90 1
864 20 100 0 90 1
865 20 100 0 90 1
866 20 100 0 90 1
867 20 100 0 90 1
868 20 100 0 90 1
869 20 100 0 90 1
870 20 100 0 90 1
871 20 100 0 90 1
872 20 100 0 90 1
873 20 100 0 90 1
874 20 100 0 90 1
875 20 100 0 90 1
876 20 100 0 90 1
877 20 100 0 90 1
878 20 100 0 90 1
879 20 100 0 90 1
880 20 100 0 90 1
881 20 100 0 90 1
882 20 100 0 90 1
883 20 100 0 90 1
884 20 100 0 90 1
885 20 100 0 90 1
886 20 100 0 90 1
887 20 100 0 90 1
888 20 100 0 90 1
889 20 100 0 90 1
890 20 100 0 90 1
891 20 100 0 90 1
892 20 100 0 90 1
893 20 100 0 90 1
894 20 100 0 90 1
895 20 100 0 90 1
896 20 100 0 90 1
897 20 100 0 90 1
898 20 100 0 90 1
899 20 100 0 90 1
900 20 100 0 90 1
901 20 100 0 90 1
902 20 100 0 90 1
903 20 100 0 90 1
904 20 100 0 90 1
905 20 100 0 90 1
906 20 100 0 90 1
907 20 100 0 90 1
908 20 100 0 90 1
909 20 100 0 90 1
910 20 100 0 90 1
911 20 100 0 90 1
912 20 100 0 90 1
913 20 100 0 90 1
914 20 100 0 90 1
915 20 100 0 90 1
916 20 100 0 90 1
917 20 100 0 90 1
918 20 100 0 90 1
919 20 100 0 90 1
920 20 100 0 90 1
921 20 100 0 90 1
922 20 100 0 90 1
923 20 100 0 90 1
924 20 100 0 90 1
925 20 100 0 90 1
926 20 100 0 90 1
927 20 100 0 90 1
928 20 100 0 90 1
929 20 100 0 90 1
930 20 100 0 90 1
931 20 100 0 90 1
932 20 100 0 130 1
933 20 100 0 130 1
934 20 100 0 130 1
935 20 100 0 130 1
936 20 100 0 130 1
937 20 100 0 130 1
938 20 100 0 130 1
939 20 100 0 130 1
940 20 100 0 130 1
941 20 100 0 130 1
942 20 100 2 130 1
943 20 73 2 130 0
944 20 73 2 130 0
945 20 73 2 130 0
946 20 73 2 130 0
947 20 73 2 130 0
948 20 73 2 130 0
949 20 73 2 130 0
950 20 73 2 130 0
951 20 73 2 130 0
952 20 73 2 130 0
953 20 80 2 130 0
954 20 80 2 130 0
955 20 80 2 130 0
956 20 80 2 130 0
957 20 80 2 130 0
958 20 80 2 130 0
959 20 80 2 130 0
960 20 80 2 130 0
961 20 80 2 130 0
962 20 80 2 130 0
963 20 90 2 130 0
964 20 90 2 130 0
965 20 90 2 130 0
966 20 90 2 130 0
967 20 90 2 130 0
968 20 90 2 130 0
969 20 90 2 130 0
970 20 90 2 130 0
971 20 90 2 130 0
972 20 90 2 130 0
973 20 100 2 130 0
974 20 100 2 130 0
975 20 100 2 130 0
976 20 100 2 130 0
977 20 100 2 130 0
978 20 100 2 130 0
979 20 100 2 130 0
980 20 100 2 130 0
981 20 100 2 130 0
982 20 100 2 130 0
983 20 100 1 130 1
984 20 73 1 130 0
985 20 73 1 130 0
986 20 73 1 130 0
987 20 73 1 130 0
988 20 73 1 130 0
989 20 73 1 130 0
990 20 73 1 130 0
991 20 73 1 130 0
992 20 73 1 130 0
993 20 73 1 130 0
994 20 80 1 130 0
995 20 80 1 130 0
996 20 80 1 130 0
997 20 80 1 130 0
998 20 80 1 130 0
999 20 80 1 130 0
1000 20 80 1 130 0
1001 20 80 1 130 0
1002 20 80 1 130 0
1003 20 80 1 130 0
1004 20 90 1 130 0
1005 20 90 1 130 0
1006 20 90 1 130 0
1007 20 90 1 130 0
1008 20 90 1 130 0
1009 20 90 1 130 0
1010 20 90 1 130 0
1011 20 90 1 130 0
1012 20 90 1 130 0
1013 20 90 1 130 0
1014 20 100 1 130 0
1015 20 100 1 130 0
1016 20 100 1 130 0
1017 20 100 1 130 0
1018 20 100 1 130 0
1019 20 100 1 130 0
1020 20 100 1 130 0
1021 20 100 1 130 0
1022 20 100 1 130 0
1023 20 100 1 130 0
1024 20 100 0 130 1
1025 20 73 0 130 0
1026 20 73 0 130 0
1027 20 73 0 130 0
1028 20 73 0 130 0
1029 20 73 0 130 0
1030 20 73 0 130 0
1031 20 73 0 130 0
1032 20 73 0 130 0
1033 20 73 0 130 0
1034 20 73 0 130 0
1035 20 80 0 130 0
1036 20 80 0 130 0
1037 20 80 0 130 0
1038 20 80 0 130 0
1039 20 80 0 130 0
1040 20 80 0 130 0
1041 20 80 0 130 0
1042 20 80 0 130 0
1043 20 80 0 130 0
1044 20 80 0 130 0
1045 20 90 0 130 0
1046 20 90 0 130 0
1047 20 90 0 130 0
1048 20 90 0 130 0
1049 20 90 0 130 0
1050 20 90 0 130 0
1051 20 90 0 130 0
1052 20 90 0 130 0
1053 20 90 0 130 0
1054 20 90 0 130 0
1055 20 100 0 130 0
1056 20 100 0 130 0
1057 20 100 0 130 0
1058 20 100 0 130 0
1059 20 100 0 130 0
1060 20 100 0 130 0
1061 20 100 0 130 0
1062 20 100 0 130 0
1063 20 100 0 130 0
1064 20 100 0 130 0
1065 20 100 0 115 1
1066 20 100 0 115 1
1067 20 100 0 115 1
1068 20 100 0 115 1
1069 20 100 0 115 1
1070 20 100 0 115 1
1071 20 100 0 115 1
1072 20 100 0 115 1
1073 20 100 0 115 1
1074 20 100 0 115 1
1075 20 100 2 115 1
1076 20 73 2 115 0
1077 20 73 2 115 0
1078 20 73 2 115 0
1079 20 73 2 115 0
1080 20 73 2 115 0
1081 20 73 2 115 0
1082 20 73 2 115 0
1083 20 73 2 115 0
1084 20 73 2 115 0
1085 20 73 2 115 0
1086 20 80 2 115 0
1087 20 80 2 115 0
1088 20 80 2 115 0
1089 20 80 2 115 0
1090 20 80 2 115 0
1091 20 80 2 115 0
1092 20 80 2 115 0
1093 20 80 2 115 0
1094 20 80 2 115 0
1095 20 80 2 115 0
1096 20 90 2 115 0
1097 20 90 2 115 0
1098 20 90 2 115 0
1099 20 90 2 115 0
1100 20 90 2 115 0
1101 20 90 2 115 0
1102 20 90 2 115 0
1103 20 90 2 115 0
1104 20 90 2 115 0
1105 20 90 2 115 0
1106 20 100 2 115 0
1107 20 100 2 115 0
1108 20 100 2 115 0
1109 20 100 2 115 0
1110 20 100 2 115 0
1111 20 100 2 115 0
1112 20 100 2 115 0
1113 20 100 2 115 0
1114 20 100 2 115 0
1115 20 100 2 115 0
1116 20 100 1 115 1
1117 20 73 1 115 0
1118 20 73 1 115 0
1119 20 73 1 115 0
1120 20 73 1 115 0
1121 20 73 1 115 0
1122 20 73 1 115 0
1123 20 73 1 115 0
1124 20 73 1 115 0
1125 20 73 1 115 0
1126 20 73 1 115 0
1127 20 80 1 115 0
1128 20 80 1 115 0
1129 20 80 1 115 0
1130 20 80 1 115 0
1131 20 80 1 115 0
1132 20 80 1 115 0
1133 20 80 1 115 0
1134 20 80 1 115 0
1135 20 80 1 115 0
1136 20 80 1 115 0
1137 20 90 1 115 0
1138 20 90 1 115 0
1139 20 90 1 115 0
1140 20 90 1 115 0
1141 20 90 1 115 0
1142 20 90 1 115 0
1143 20 90 1 115 0
1144 20 90 1 115 0
1145 20 90 1 115 0
1146 20 90 1 115 0
1147 20 100 1 115 0
1148 20 100 1 115 0
1149 20 100 1 115 0
1150 20 100 1 115 0
1151 20 100 1 115 0
1152 20 100 1 115 0
1153 20 100 1 115 0
1154 20 100 1 115 0
1155 20 100 1 115 0
1156 20 100 1 115 0
1157 20 100 0 115 1
1158 20 73 0 115 0
1159 20 73 0 115 0
1160 20 73 0 115 0
1161 20 73 0 115 0
1162 20 73 0 115 0
1163 20 73 0 115 0
1164 20 73 0 115 0
1165 20 73 0 115 0
1166 20 73 0 115 0
1167 20 73 0 115 0
1168 20 80 0 115 0
1169 20 80 0 115 0
1170 20 80 0 115 0
1171 20 80 0 115 0
1172 20 80 0 115 0
1173 20 80 0 115 0
1174 20 80 0 115 0
1175 20 80 0 115 0
1176 20 80 0 115 0
1177 20 80 0 115 0
1178 20 90 0 115 0
1179 20 90 0 115 0
1180 20 90 0 115 0
1181 20 90 0 115 0
1182 20 90 0 115 0
1183 20 90 0 115 0
1184 20 90 0 115 0
1185 20 90 0 115 0
1186 20 90 0 115 0
1187 20 90 0 115 0
1188 20 100 0 115 0
1189 20 100 0 115 0
1190 20 100 0 115 0
1191 20 100 0 115 0
1192 20 100 0 115 0
1193 20 100 0 115 0
1194 20 100 0 115 0
1195 20 100 0 115 0
1196 20 100 0 115 0
1197 20 100 0 115 0
1198 20 100 0 100 1
1199 20 100 0 100 1
1200 20 100 0 100 1
1201 20 100 0 100 1
1202 20 100 0 100 1
1203 20 100 0 100 1
1204 20 100 0 100 1
1205 20 100 0 100 1
1206 20 100 0 100 1
1207 20 100 0 100 1
1208 20 100 2 100 1
1209 20 73 2 100 0
1210 20 73 2 100 0
1211 20 73 2 100 0
1212 20 73 2 100 0
1213 20 73 2 100 0
1214 20 73 2 100 0
1215 20 73 2 100 0
1216 20 73 2 100 0
1217 20 73 2 100 0
1218 20 73 2 100 0
1219 20 80 2 100 0
1220 20 80 2 100 0
1221 20 80 2 100 0
1222 20 80 2 100 0
1223 20 80 2 100 0
1224 20 80 2 100 0
1225 20 80 2 100 0
1226 20 80 2 100 0
1227 20 80 2 100 0
1228 20 80 2 100 0
1229 20 90 2 100 0
1230 20 90 2 100 0
1231 20 90 2 100 0
1232 20 90 2 100 0
1233 20 90 2 100 0
1234 20 90 2 100 0
1235 20 90 2 100 0
1236 20 90 2 100 0
1237 20 90 2 100 0
1238 20 90 2 100 0
1239 20 100 2 100 0
1240 20 100 2 100 0
1241 20 100 2 100 0
1242 20 100 2 100 0
1243 20 100 2 100 0
1244 20 100 2 100 0
1245 20 100 2 100 0
1246 20 100 2 100 0
1247 20 100 2 100 0
1248 20 100 2 100 0
1249 20 100 1 100 1
1250 20 73 1 100 0
1251 20 73 1 100 0
1252 20 73 1 100 0
1253 20 73 1 100 0
1254 20 73 1 100 0
1255 20 73 1 100 0
1256 20 73 1 100 0
1257 20 73 1 100 0
1258 20 73 1 100 0
1259 20 73 1 100 0
1260 20 80 1 100 0
1261 20 80 1 100 0
1262 20 80 1 100 0
1263 20 80 1 100 0
1264 20 80 1 100 0
1265 20 80 1 100 0
1266 20 80 1 100 0
1267 20 80 1 100 0
1268 20 80 1 100 0
1269 20 80 1 100 0
1270 20 90 1 100 0
1271 20 90 1 100 0
1272 20 90 1 100 0
1273 20 90 1 100 0
1274 20 90 1 100 0
1275 20 90 1 100 0
1276 20 90 1 100 0
1277 20 90 1 100 0
1278 20 90 1 100 0
1279 20 90 1 100 0
1280 20 100 1 100 0
1281 20 100 1 100 0
1282 20 100 1 100 0
1283 20 100 1 100 0
1284 20 100 1 100 0
1285 20 100 1 100 0
1286 20 100 1 100 0
1287 20 100 1 100 0
1288 20 100 1 100 0
1289 20 100 1 100 0
1290 20 100 0 100 1
1291 20 73 0 100 0
1292 20 73 0 100 0
1293 20 73 0 100 0
1294 20 73 0 100 0
1295 20 73 0 100 0
1296 20 73 0 100 0
1297 20 73 0 100 0
1298 20 73 0 100 0
1299 20 73 0 100 0
1300 20 73 0 100 0
1301 20 80 0 100 0
1302 20 80 0 100 0
1303 20 80 0 100 0
1304 20 80 0 100 0
1305 20 80 0 100 0
1306 20 80 0 100 0
1307 20 80 0 100 0
1308 20 80 0 100 0
1309 20 80 0 100 0
1310 20 80 0 100 0
1311 20 90 0 100 0
1312 20 90 0 100 0
1313 20 90 0 100 0
1314 20 90 0 100 0
1315 20 90 0 100 0
1316 20 90 0 100 0
1317 20 90 0 100 0
1318 20 90 0 100 0
1319 20 90 0 100 0
1320 20 90 0 100 0
1321 20 100 0 100 0
1322 20 100 0 100 0
1323 20 100 0 100 0
1324 20 100 0 100 0
1325 20 100 0 100 0
1326 20 100 0 100 0
1327 20 100 0 100 0
1328 20 100 0 100 0
1329 20 100 0 100 0
1330 20 100 0 100 0
1331 20 100 0 90 1
1332 20 100 0 90 1
1333 20 100 0 90 1
1334 20 100 0 90 1
1335 20 100 0 90 1
1336 20 100 0 90 1
1337 20 100 0 90 1
1338 20 100 0 90 1
1339 20 100 0 90 1
1340 20 100 0 90 1
1341 20 100 2 90 1
1342 20 73 2 90 0
1343 20 73 2 90 0
1344 20 73 2 90 0
1345 20 73 2 90 0
1346 20 73 2 90 0
1347 20 73 2 90 0
1348 20 73 2 90 0
1349 20 73 2 90 0
1350 20 73 2 90 0
1351 20 73 2 90 0
1352 20 80 2 90 0
1353 20 80 2 90 0
1354 20 80 2 90 0
1355 20 80 2 90 0
1356 20 80 2 90 0
1357 20 80 2 90 0
1358 20 80 2 90 0
1359 20 80 2 90 0
1360 20 80 2 90 0
1361 20 80 2 90 0
1362 20 90 2 90 0
1363 20 90 2 90 0
1364 20 90 2 90 0
1365 20 90 2 90 0
1366 20 90 2 90 0
1367 20 90 2 90 0
1368 20 90 2 90 0
1369 20 90 2 90 0
1370 20 90 2 90 0
1371 20 90 2 90 0
1372 20 100 2 90 0
1373 20 100 2 90 0
1374 20 100 2 90 0
1375 20 100 2 90 0
1376 20 100 2 90 0
1377 20 100 2 90 0
1378 20 100 2 90 0
1379 20 100 2 90 0
1380 20 100 2 90 0
1381 20 100 2 90 0
1382 20 100 1 90 1
1383 20 73 1 90 0
1384 20 73 1 90 0
1385 20 73 1 90 0
1386 20 73 1 90 0
1387 20 73 1 90 0
1388 20 73 1 90 0
1389 20 73 1 90 0
1390 20 73 1 90 0
1391 20 73 1 90 0
1392 20 73 1 90 0
1393 20 80 1 90 0
1394 20 80 1 90 0
1395 20 80 1 90 0
1396 20 80 1 90 0
1397 20 80 1 90 0
1398 20 80 1 90 0
1399 20 80 1 90 0
1400 20 80 1 90 0
1401 20 80 1 90 0
1402 20 80 1 90 0
1403 20 90 1 90 0
1404 20 90 1 90 0
1405 20 90 1 90 0
1406 20 90 1 90 0
1407 20 90 1 90 0
1408 20 90 1 90 0
1409 20 90 1 90 0
1410 20 90 1 90 0
1411 20 90 1 90 0
1412 20 90 1 90 0
1413 20 100 1 90 0
1414 20 100 1 90 0
1415 20 100 1 90 0
1416 20 100 1 90 0
1417 20 100 1 90 0
1418 20 100 1 90 0
1419 20 100 1 90 0
1420 20 100 1 90 0
1421 20 100 1 90 0
1422 20 100 1 90 0
1423 20 100 0 90 1
1424 20 73 0 90 0
1425 20 73 0 90 0
1426 20 73 0 90 0
1427 20 73 0 90 0
1428 20 73 0 90 0
1429 20 73 0 90 0
1430 20 73 0 90 0
1431 20 73 0 90 0
1432 20 73 0 90 0
1433 20 73 0 90 0
1434 20 80 0 90 0
1435 20 80 0 90 0
1436 20 80 0 90 0
1437 20 80 0 90 0
1438 20 80 0 90 0
1439 20 80 0 90 0
1440 20 80 0 90 0
1441 20 80 0 90 0
1442 20 80 0 90 0
1443 20 80 0 90 0
1444 20 90 0 90 0
1445 20 90 0 90 0
1446 20 90 0 90 0
1447 20 90 0 90 0
1448 20 90 0 90 0
1449 20 90 0 90 0
1450 20 90 0 90 0
1451 20 90 0 90 0
1452 20 90 0 90 0
1453 20 90 0 90 0
1454 20 100 0 90 0
1455 20 100 0 90 0
1456 20 100 0 90 0
1457 20 100 0 90 0
1458 20 100 0 90 0
1459 20 100 0 90 0
1460 20 100 0 90 0
1461 20 100 0 90 0
1462 20 100 0 90 0
1463 20 100 0 90 0
1464 100 100 0 90 1
1465 100 100 0 90 1
1466 100 100 0 90 1
1467 100 100 0 90 1
1468 100 100 0 90 1
1469 100 100 0 90 1
1470 100 100 0 90 1
1471 100 100 0 90 1
1472 100 100 0 90 1
1473 100 100 0 90 1
1474 100 100 0 90 1
1475 100 100 0 90 1
1476 100 100 0 90 1
1477 100 100 0 90 1
1478 100 100 0 90 1
1479 100 100 0 90 1
1480 100 100 0 90 1
1481 100 100 0 90 1
1482 100 100 0 90 1
1483 100 100 0 90 1
1484 100 100 0 90 1
1485 100 100 0 90 1
1486 100 100 0 90 1
1487 100 100 0 90 1
1488 100 100 0 90 1
1489 100 100 0 90 1
1490 100 100 0 90 1
1491 100 100 0 90 1
1492 100 100 0 90 1
1493 100 100 0 90 1
1494 100 100 0 90 1
1495 100 100 0 90 1
1496 100 100 0 90 1
1497 100 100 0 90 1
1498 100 100 0 90 1
1499 100 100 0 90 1
1500 100 100 0 90 1
1501 100 100 0 90 1
1502 100 100 0 90 1
1503 100 100 0 90 1
1504 100 100 0 90 1
1505 100 100 0 90 1
1506 100 100 0 90 1
1507 100 100 0 90 1
1508 100 100 0 90 1
1509 100 100 0 90 1
1510 100 100 0 90 1
1511 100 100 0 90 1
1512 100 100 0 90 1
1513 100 100 0 90 1
1514 100 100 0 90 1
1515 100 100 0 90 1
1516 100 100 0 90 1
1517 100 100 0 90 1
1518 100 100 0 90 1
1519 100 100 0 90 1
1520 100 100 0 90 1
1521 100 100 0 90 1
1522 100 100 0 90 1
1523 100 100 0 90 1
1524 100 100 0 90 1
1525 100 100 0 90 1
1526 100 100 0 90 1
1527 100 100 0 90 1
1528 100 100 0 90 1
1529 100 100 0 90 1
1530 100 100 0 90 1
1531 100 100 0 90 1
1532 100 100 0 90 1
1533 100 100 0 90 1
1534 100 100 0 90 1
1535 100 100 0 90 1
1536 100 100 0 90 1
1537 100 100 0 90 1
1538 100 100 0 90 1
1539 100 100 0 90 1
1540 100 100 0 90 1
1541 100 100 0 90 1
1542 100 100 0 90 1
1543 100 100 0 90 1
1544 100 100 0 90 1
1545 100 100 0 90 1
1546 100 100 0 90 1
1547 100 100 0 90 1
1548 100 100 0 90 1
1549 100 100 0 90 1
1550 100 100 0 90 1
1551 100 100 0 90 1
1552 100 100 0 90 1
1553 100 100 0 90 1
1554 100 100 0 90 1
1555 100 100 0 90 1
1556 100 100 0 90 1
1557 100 100 0 90 1
1558 100 100 0 90 1
1559 100 100 0 90 1
1560 100 100 0 90 1
1561 100 100 0 90 1
1562 100 100 0 90 1
1563 100 100 0 90 1
1564 100 100 0 90 1
1565 100 100 0 90 1
1566 100 100 0 90 1
1567 100 100 0 90 1
1568 100 100 0 90 1
1569 100 100 0 90 1
1570 100 100 0 90 1
1571 100 100 0 90 1
1572 100 100 0 90 1
1573 100 100 0 90 1
1574 100 100 0 90 1
1575 100 100 0 90 1
1576 100 100 0 90 1
1577 100 100 0 90 1
1578 100 100 0 90 1
1579 100 100 0 90 1
1580 100 100 0 90 1
1581 100 100 0 90 1
1582 100 100 0 90 1
1583 100 100 0 90 1
1584 100 100 0 90 1
1585 100 100 0 90 1
1586 100 100 0 90 1
1587 100 100 0 90 1
1588 100 100 0 90 1
1589 100 100 0 90 1
1590 100 100 0 90 1
1591 100 100 0 90 1
1592 100 100 0 90 1
1593 100 100 0 90 1
1594 100 100 0 90 1
1595 100 100 0 90 1
1596 100 100 0 90 1
1597 100 100 0 90 1
1598 100 100 0 90 1
1599 100 100 0 90 1
1600 100 100 0 90 1
1601 100 100 0 90 1
1602 100 100 0 90 1
1603 100 100 0 90 1
1604 100 100 0 90 1
1605 100 100 0 90 1
1606 100 100 0 90 1
1607 100 100 0 90 1
1608 100 100 0 90 1
1609 100 100 0 90 1
1610 100 100 0 90 1
1611 100 100 0 90 1
1612 100 100 0 90 1
1613 100 100 0 90 1
1614 100 100 0 90 1
1615 100 100 0 90 1
1616 100 100 0 90 1
1617 100 100 0 90 1
1618 100 100 0 90 1
1619 100 100 0 90 1
1620 100 100 0 90 1
1621 100 100 0 90 1
1622 100 100 0 90 1
1623 100 100 0 90 1
1624 100 100 0 90 1
1625 100 100 0 90 1
1626 100 100 0 90 1
1627 100 100 0 90 1
1628 100 100 0 90 1
1629 100 100 0 90 1
1630 100 100 0 90 1
1631 100 100 0 90 1
1632 100 100 0 90 1
1633 100 100 0 90 1
1634 100 100 0 90 1
1635 100 100 0 90 1
1636 100 100 0 90 1
1637 100 100 0 90 1
1638 100 100 0 90 1
1639 100 100 0 90 1
1640 100 100 0 90 1
1641 100 100 0 90 1
1642 100 100 0 90 1
1643 100 100 0 90 1
1644 100 100 0 90 1
1645 100 100 0 90 1
1646 100 100 0 90 1
1647 100 100 0 90 1
1648 100 100 0 90 1
1649 100 100 0 90 1
1650 100 100 0 90 1
1651 100 100 0 90 1
1652 100 100 0 90 1
1653 100 100 0 90 1
1654 100 100 0 90 1
1655 100 100 0 90 1
1656 100 100 0 90 1
1657 100 100 0 90 1
1658 100 100 0 90 1
1659 100 100 0 90 1
1660 100 100 0 90 1
1661 100 100 0 90 1
1662 100 100 0 90 1
1663 100 100 0 90 1
1664 100 100 0 130 1
1665 100 100 0 130 1
1666 100 100 0 130 1
1667 100 100 0 130 1
1668 100 100 0 130 1
1669 100 100 0 130 1
1670 100 100 0 130 1
1671 100 100 0 130 1
1672 100 100 0 130 1
1673 100 100 0 130 1
1674 100 100 2 130 1
1675 100 73 2 130 0
1676 100 73 2 130 0
1677 100 73 2 130 0
1678 100 73 2 130 0
1679 100 73 2 130 0
1680 100 73 2 130 0
1681 100 73 2 130 0
1682 100 73 2 130 0
1683 100 73 2 130 0
1684 100 73 2 130 0
1685 100 80 2 130 0
1686 100 80 2 130 0
1687 100 80 2 130 0
1688 100 80 2 130 0
1689 100 80 2 130 0
1690 100 80 2 130 0
1691 100 80 2 130 0
1692 100 80 2 130 0
1693 100 80 2 130 0
1694 100 80 2 130 0
1695 100 90 2 130 0
1696 100 90 2 130 0
1697 100 90 2 130 0
1698 100 90 2 130 0
1699 100 90 2 130 0
1700 100 90 2 130 0
1701 100 90 2 130 0
1702 100 90 2 130 0
1703 100 90 2 130 0
1704 100 90 2 130 0
1705 100 100 2 130 0
1706 100 100 2 130 0
1707 100 100 2 130 0
1708 100 100 2 130 0
1709 100 100 2 130 0
1710 100 100 2 130 0
1711 100 100 2 130 0
1712 100 100 2 130 0
1713 100 100 2 130 0
1714 100 100 2 130 0
1715 100 100 1 130 1
1716 100 73 1 130 0
1717 100 73 1 130 0
1718 100 73 1 130 0
1719 100 73 1 130 0
1720 100 73 1 130 0
1721 100 73 1 130 0
1722 100 73 1 130 0
1723 100 73 1 130 0
1724 100 73 1 130 0
1725 100 73 1 130 0
1726 100 80 1 130 0
1727 100 80 1 130 0
1728 100 80 1 130 0
1729 100 80 1 130 0
1730 100 80 1 130 0
1731 100 80 1 130 0
1732 100 80 1 130 0
1733 100 80 1 130 0
1734 100 80 1 130 0
1735 100 80 1 130 0
1736 100 90 1 130 0
1737 100 90 1 130 0
1738 100 90 1 130 0
1739 100 90 1 130 0
1740 100 90 1 130 0
1741 100 90 1 130 0
1742 100 90 1 130 0
1743 100 90 1 130 0
1744 100 90 1 130 0
1745 100 90 1 130 0
1746 100 100 1 130 0
1747 100 100 1 130 0
1748 100 100 1 130 0
1749 100 100 1 130 0
1750 100 100 1 130 0
1751 100 100 1 130 0
1752 100 100 1 130 0
1753 100 100 1 130 0
1754 100 100 1 130 0
1755 100 100 1 130 0
1756 100 100 0 130 1
1757 100 73 0 130 0
1758 100 73 0 130 0
1759 100 73 0 130 0
1760 100 73 0 130 0
1761 100 73 0 130 0
1762 100 73 0 130 0
1763 100 73 0 130 0
1764 100 73 0 130 0
1765 100 73 0 130 0
1766 100 73 0 130 0
1767 100 80 0 130 0
1768 100 80 0 130 0
1769 100 80 0 130 0
1770 100 80 0 130 0
1771 100 80 0 130 0
1772 100 80 0 130 0
1773 100 80 0 130 0
1774 100 80 0 130 0
1775 100 80 0 130 0
1776 100 80 0 130 0
1777 100 90 0 130 0
1778 100 90 0 130 0
1779 100 90 0 130 0
1780 100 90 0 130 0
1781 100 90 0 130 0
1782 100 90 0 130 0
1783 100 90 0 130 0
1784 100 90 0 130 0
1785 100 90 0 130 0
1786 100 90 0 130 0
1787 100 100 0 130 0
1788 100 100 0 130 0
1789 100 100 0 130 0
1790 100 100 0 130 0
1791 100 100 0 130 0
1792 100 100 0 130 0
1793 100 100 0 130 0
1794 100 100 0 130 0
1795 100 100 0 130 0
1796 100 100 0 130 0
1797 100 100 0 115 1
1798 100 100 0 115 1
1799 100 100 0 115 1
1800 100 100 0 115 1
1801 100 100 0 115 1
1802 100 100 0 115 1
1803 100 100 0 115 1
1804 100 100 0 115 1
1805 100 100 0 115 1
1806 100 100 0 115 1
1807 100 100 2 115 1
1808 100 73 2 115 0
1809 100 73 2 115 0
1810 100 73 2 115 0
1811 100 73 2 115 0
1812 100 73 2 115 0
1813 100 73 2 115 0
1814 100 73 2 115 0
1815 100 73 2 115 0
1816 100 73 2 115 0
1817 100 73 2 115 0
1818 100 80 2 115 0
1819 100 80 2 115 0
1820 100 80 2 115 0
1821 100 80 2 115 0
1822 100 80 2 115 0
1823 100 80 2 115 0
1824 100 80 2 115 0
1825 100 80 2 115 0
1826 100 80 2 115 0
1827 100 80 2 115 0
1828 100 90 2 115 0
1829 100 90 2 115 0
1830 100 90 2 115 0
1831 100 90 2 115 0
1832 100 90 2 115 0
1833 100 90 2 115 0
1834 100 90 2 115 0
1835 100 90 2 115 0
1836 100 90 2 115 0
1837 100 90 2 115 0
1838 100 100 2 115 0
1839 100 100 2 115 0
1840 100 100 2 115 0
1841 100 100 2 115 0
1842 100 100 2 115 0
1843 100 100 2 115 0
1844 100 100 2 115 0
1845 100 100 2 115 0
1846 100 100 2 115 0
1847 100 100 2 115 0
1848 100 100 1 115 1
1849 100 73 1 115 0
1850 100 73 1 115 0
1851 100 73 1 115 0
1852 100 73 1 115 0
1853 100 73 1 115 0
1854 100 73 1 115 0
1855 100 73 1 115 0
1856 100 73 1 115 0
1857 100 73 1 115 0
1858 100 73 1 115 0
1859 100 80 1 115 0
1860 100 80 1 115 0
1861 100 80 1 115 0
1862 100 80 1 115 0
1863 100 80 1 115 0
1864 100 80 1 115 0
1865 100 80 1 115 0
1866 100 80 1 115 0
1867 100 80 1 115 0
1868 100 80 1 115 0
1869 100 90 1 115 0
1870 100 90 1 115 0
1871 100 90 1 115 0
1872 100 90 1 115 0
1873 100 90 1 115 0
1874 100 90 1 115 0
1875 100 90 1 115 0
1876 100 90 1 115 0
1877 100 90 1 115 0
1878 100 90 1 115 0
1879 100 100 1 115 0
1880 100 100 1 115 0
1881 100 100 1 115 0
1882 100 100 1 115 0
1883 100 100 1 115 0
1884 100 100 1 115 0
1885 100 100 1 115 0
1886 100 100 1 115 0
1887 100 100 1 115 0
1888 100 100 1 115 0
1889 100 100 0 115 1
1890 100 73 0 115 0
1891 100 73 0 115 0
1892 100 73 0 115 0
1893 100 73 0 115 0
1894 100 73 0 115 0
1895 100 73 0 115 0
1896 100 73 0 115 0
1897 100 73 0 115 0
1898 100 73 0 115 0
1899 100 73 0 115 0
1900 100 80 0 115 0
1901 100 80 0 115 0
1902 100 80 0 115 0
1903 100 80 0 115 0
1904 100 80 0 115 0
1905 100 80 0 115 0
1906 100 80 0 115 0
1907 100 80 0 115 0
1908 100 80 0 115 0
1909 100 80 0 115 0
1910 100 90 0 115 0
1911 100 90 0 115 0
1912 100 90 0 115 0
1913 100 90 0 115 0
1914 100 90 0 115 0
1915 100 90 0 115 0
1916 100 90 0 115 0
1917 100 90 0 115 0
1918 100 90 0 115 0
1919 100 90 0 115 0
1920 100 100 0 115 0
1921 100 100 0 115 0
1922 100 100 0 115 0
1923 100 100 0 115 0
1924 100 100 0 115 0
1925 100 100 0 115 0
1926 100 100 0 115 0
1927 100 100 0 115 0
1928 100 100 0 115 0
1929 100 100 0 115 0
1930 100 100 0 100 1
1931 100 100 0 100 1
1932 100 100 0 100 1
1933 100 100 0 100 1
1934 100 100 0 100 1
1935 100 100 0 100 1
1936 100 100 0 100 1
1937 100 100 0 100 1
1938 100 100 0 100 1
1939 100 100 0 100 1
1940 100 100 2 100 1
1941 100 73 2 100 0
1942 100 73 2 100 0
1943 100 73 2 100 0
1944 100 73 2 100 0
1945 100 73 2 100 0
1946 100 73 2 100 0
1947 100 73 2 100 0
1948 100 73 2 100 0
1949 100 73 2 100 0
1950 100 73 2 100 0
1951 100 80 2 100 0
1952 100 80 2 100 0
1953 100 80 2 100 0
1954 100 80 2 100 0
1955 100 80 2 100 0
1956 100 80 2 100 0
1957 100 80 2 100 0
1958 100 80 2 100 0
1959 100 80 2 100 0
1960 100 80 2 100 0
1961 100 90 2 100 0
1962 100 90 2 100 0
1963 100 90 2 100 0
1964 100 90 2 100 0
1965 100 90 2 100 0
1966 100 90 2 100 0
1967 100 90 2 100 0
1968 100 90 2 100 0
1969 100 90 2 100 0
1970 100 90 2 100 0
1971 100 100 2 100 0
1972 100 100 2 100 0
1973 100 100 2 100 0
1974 100 100 2 100 0
1975 100 100 2 100 0
1976 100 100 2 100 0
1977 100 100 2 100 0
1978 100 100 2 100 0
1979 100 100 2 100 0
1980 100 100 2 100 0
1981 100 100 1 100 1
1982 100 73 1 100 0
1983 100 73 1 100 0
1984 100 73 1 100 0
1985 100 73 1 100 0
1986 100 73 1 100 0
1987 100 73 1 100 0
1988 100 73 1 100 0
1989 100 73 1 100 0
1990 100 73 1 100 0
1991 100 73 1 100 0
1992 100 80 1 100 0
1993 100 80 1 100 0
1994 100 80 1 100 0
1995 100 80 1 100 0
1996 100 80 1 100 0
1997 100 80 1 100 0
1998 100 80 1 100 0
1999 100 80 1 100 0
2000 100 80 1 100 0
2001 100 80 1 100 0
2002 100 90 1 100 0
2003 100 90 1 100 0
2004 100 90 1 100 0
2005 100 90 1 100 0
2006 100 90 1 100 0
2007 100 90 1 100 0
2008 100 90 1 100 0
2009 100 90 1 100 0
2010 100 90 1 100 0
2011 100 90 1 100 0
2012 100 100 1 100 0
2013 100 100 1 100 0
2014 100 100 1 100 0
2015 100 100 1 100 0
2016 100 100 1 100 0
2017 100 100 1 100 0
2018 100 100 1 100 0
2019 100 100 1 100 0
2020 100 100 1 100 0
2021 100 100 1 100 0
2022 100 100 0 100 1
2023 100 73 0 100 0
2024 100 73 0 100 0
2025 100 73 0 100 0
2026 100 73 0 100 0
2027 100 73 0 100 0
2028 100 73 0 100 0
2029 100 73 0 100 0
2030 100 73 0 100 0
2031 100 73 0 100 0
2032 100 73 0 100 0
2033 100 80 0 100 0
2034 100 80 0 100 0
2035 100 80 0 100 0
2036 100 80 0 100 0
2037 100 80 0 100 0
2038 100 80 0 100 0
2039 100 80 0 100 0
2040 100 80 0 100 0
2041 100 80 0 100 0
2042 100 80 0 100 0
2043 100 90 0 100 0
2044 100 90 0 100 0
2045 100 90 0 100 0
2046 100 90 0 100 0
2047 100 90 0 100 0
2048 100 90 0 100 0
2049 100 90 0 100 0
2050 100 90 0 100 0
2051 100 90 0 100 0
2052 100 90 0 100 0
2053 100 100 0 100 0
2054 100 100 0 100 0
2055 100 100 0 100 0
2056 100 100 0 100 0
2057 100 100 0 100 0
2058 100 100 0 100 0
2059 100 100 0 100 0
2060 100 100 0 100 0
2061 100 100 0 100 0
2062 100 100 0 100 0
2063 100 100 0 90 1
2064 100 100 0 90 1
2065 100 100 0 90 1
2066 100 100 0 90 1
2067 100 100 0 90 1
2068 100 100 0 90 1
2069 100 100 0 90 1
2070 100 100 0 90 1
2071 100 100 0 90 1
2072 100 100 0 90 1
2073 100 100 2 90 1
2074 100 73 2 90 0
2075 100 73 2 90 0
2076 100 73 2 90 0
2077 100 73 2 90 0
2078 100 73 2 90 0
2079 100 73 2 90 0
2080 100 73 2 90 0
2081 100 73 2 90 0
2082 100 73 2 90 0
2083 100 73 2 90 0
2084 100 80 2 90 0
2085 100 80 2 90 0
2086 100 80 2 90 0
2087 100 80 2 90 0
2088 100 80 2 90 0
2089 100 80 2 90 0
2090 100 80 2 90 0
2091 100 80 2 90 0
2092 100 80 2 90 0
2093 100 80 2 90 0
2094 100 90 2 90 0
2095 100 90 2 90 0
2096 100 90 2 90 0
2097 100 90 2 90 0
2098 100 90 2 90 0
2099 100 90 2 90 0
2100 100 90 2 90 0
2101 100 90 2 90 0
2102 100 90 2 90 0
2103 100 90 2 90 0
2104 100 100 2 90 0
2105 100 100 2 90 0
2106 100 100 2 90 0
2107 100 100 2 90 0
2108 100 100 2 90 0
2109 100 100 2 90 0
2110 100 100 2 90 0
2111 100 100 2 90 0
2112 100 100 2 90 0
2113 100 100 2 90 0
2114 100 100 1 90 1
2115 100 73 1 90 0
2116 100 73 1 90 0
2117 100 73 1 90 0
2118 100 73 1 90 0
2119 100 73 1 90 0
2120 100 73 1 90 0
2121 100 73 1 90 0
2122 100 73 1 90 0
2123 100 73 1 90 0
2124 100 73 1 90 0
2125 100 80 1 90 0
2126 100 80 1 90 0
2127 100 80 1 90 0
2128 100 80 1 90 0
2129 100 80 1 90 0
2130 100 80 1 90 0
2131 100 80 1 90 0
2132 100 80 1 90 0
2133 100 80 1 90 0
2134 100 80 1 90 0
2135 100 90 1 90 0
2136 100 90 1 90 0
2137 100 90 1 90 0
2138 100 90 1 90 0
2139 100 90 1 90 0
2140 100 90 1 90 0
2141 100 90 1 90 0
2142 100 90 1 90 0
2143 100 90 1 90 0
2144 100 90 1 90 0
2145 100 100 1 90 0
2146 100 100 1 90 0
2147 100 100 1 90 0
2148 100 100 1 90 0
2149 100 100 1 90 0
2150 100 100 1 90 0
2151 100 100 1 90 0
2152 100 100 1 90 0
2153 100 100 1 90 0
2154 100 100 1 90 0
2155 100 100 0 90 1
2156 100 73 0 90 0
2157 100 73 0 90 0
2158 100 73 0 90 0
2159 100 73 0 90 0
2160 100 73 0 90 0
2161 100 73 0 90 0
2162 100 73 0 90 0
2163 100 73 0 90 0
2164 100 73 0 90 0
2165 100 73 0 90 0
2166 100 80 0 90 0
2167 100 80 0 90 0
2168 100 80 0 90 0
2169 100 80 0 90 0
2170 100 80 0 90 0
2171 100 80 0 90 0
2172 100 80 0 90 0
2173 100 80 0 90 0
2174 100 80 0 90 0
2175 100 80 0 90 0
2176 100 90 0 90 0
2177 100 90 0 90 0
2178 100 90 0 90 0
2179 100 90 0 90 0
2180 100 90 0 90 0
2181 100 90 0 90 0
2182 100 90 0 90 0
2183 100 90 0 90 0
2184 100 90 0 90 0
2185 100 90 0 90 0
2186 100 100 0 90 0
2187 100 100 0 90 0
2188 100 100 0 90 0
2189 100 100 0 90 0
2190 100 100 0 90 0
2191 100 100 0 90 0
2192 100 100 0 90 0
2193 100 100 0 90 0
2194 100 100 0 90 0
2195 100 100 0 90 0
2196 100 100 0 90 0
2197 100 100 0 90 0
2198 100 100 0 90 0
2199 100 100 0 90 0
2200 100 100 0 90 0
2201 100 100 0 90 0
2202 100 100 0 90 0
2203 100 100 0 90 0
2204 100 100 0 90 0
